int.MaxValue = 2147483647
Hello World!
uint.MaxValue = 4294967295
안녕하세요!!
double.MaxValue = 1.7976931348623157E+308
int.MaxValue = 2147483647
Hello World!
uint.MaxValue = 4294967295
안녕하세요!!
double.MaxValue = 1.7976931348623157E+308
